val_accuracy=0.810606062412262
val_loss=0.7128653526306152
