val_accuracy=0.7196969985961914
val_loss=1.276595115661621
